0
0
0
0
0
0
0
0
0
0
0
0
0
0
0
0
7.37197e-06
7.37197e-06
1.1058e-05
2.21159e-05
4.42318e-05
7.00337e-05
4.79178e-05
9.21496e-05
0.000162183
9.58356e-05
0.000239589
0.000243275
0.000364912
0.000519724
0.000608187
0.000707709
0.00105419
0.00127535
0.00148914
0.00183562
0.00198306
0.00259493
0.00308885
0.00333213
0.00417253
0.00478072
0.00549212
0.00632146
0.00683381
0.00691122
0.00744569
0.0078364
0.00750835
0.00788432
0.00784377
0.00755995
0.00717661
0.00692596
0.0063915
0.00576119
0.00553635
0.00464803
0.00457431
0.00410619
0.00402878
0.00345008
0.00355697
0.00323261
0.00325472
0.0031036
0.00306305
0.0029967
0.0028935
0.00290456
0.00294879
0.00301145
0.00324367
0.00339848
0.00337268
0.00329527
0.0032879
0.00335793
0.00316257
0.00312571
0.00343165
0.00321418
0.00317363
0.00333582
0.00360489
0.00335056
0.00359383
0.00360858
0.00361595
0.00386291
0.00412093
0.00404721
0.00449321
0.0044453
0.00495396
0.00567641
0.00596761
0.00743463
0.00743832
0.00726876
0.00673429
0.00640993
0.00591232
0.00548106
0.00520829
0.00501294
0.00455956
0.00468489
0.00447847
0.00476229
0.00471806
0.00449321
0.00497239
0.0050498
0.0056027
0.00516406
0.00506823
0.00520092
0.00554003
0.00579068
0.00629935
0.00633252
0.00670112
0.00722453
0.00828241
0.00859571
0.00970888
0.00957619
0.0102544
0.00948404
0.00858097
0.00830821
0.00735354
0.00647996
0.0066274
0.00659422
0.00716924
0.00739777
0.00782903
0.00798753
0.00834138
0.00886848
0.00884268
0.00942137
0.00869892
0.00855148
0.00801333
0.00835981
0.00788801
0.00800596
0.00792855
0.00848882
0.00910438
0.0102876
0.0102507
0.00931817
0.00920759
0.00794698
0.0071803
0.00680433
0.00611136
0.00534099
0.00520461
0.00478441
0.00445635
0.00421677
0.00417991
0.00341322
0.00381868
0.00406933
0.00434577
0.00476966
0.00467751
0.00440475
0.00442318
0.00425731
0.00482864
0.00406195
0.00355329
0.00345745
0.00312571
0.00281609
0.00259862
0.00241063
0.00238483
0.00252858
0.00210838
0.00403615
0.00266865
0.0027866
0.00298196
0.00312571
0.0033137
0.00375233
0.00325841
0.00344639
0.00318838
0.00293773
0.00295616
0.00360121
0.00327684
0.00323261
0.00321786
0.00342059
0.00353486
0.00354223
0.00394032
0.00385922
0.00385922
0.00398823
0.00390346
0.00348694
0.00330264
0.00304462
0.00286401
0.00267234
0.00248435
0.00262073
0.00211575
0.00149282
0.00114265
0.000928868
0.000744569
0.000512352
0.000464434
0.000409144
0.000283821
0.000331739
0.000353854
0.000346482
0.000575013
0.00123849
0.00200886
0.00217473
0.0344123
0.0021305
0.00188354
0.00143385
0.000744569
0.000294879
0.000243275
0.000180613
0.000117951
8.84636e-05
0.000121637
8.10916e-05
5.89757e-05
7.00337e-05
4.05458e-05
4.42318e-05
3.68598e-05
3.68598e-05
4.05458e-05
2.21159e-05
6.63477e-05
0
