0.411437
0.0409098
0.0247896
0.0147617
0.023249
0.036246
0.203807
0.0241453
0.00131651
0.00593829
0.0192154
0.0147477
0.0210781
0.00508396
0.00899147
0.0225347
0.0314701
0.00794107
0.0275626
0.00190474
0.0101539
0.0156861
0.0351676
0.0195656
0.0266103
0.217364
0.0118066
0.0252658
0.159087
0.127225
0.0280388
0.0178989
0.198345
0.0216524
0.023305
0.0199157
0.0215263
0.0164143
0.00208681
0.0299576
0.00686265
0.0604053
0.0230809
0.0107842
0.00418762
0.0236271
0.00945365
0.0194395
0.00764695
0.00119046
0.049201
0.246957
0.0306298
0.0208961
0.0164143
0.0455456
0.0313021
0.298651
0
