0.0289845
0.0175634
0.0104586
0.0164718
0.0256802
0.144397
0.0171069
0.000932743
0.00420727
0.0136141
0.0104487
0.0149338
0.00360198
0.00637044
0.0159658
0.0222965
0.00562623
0.0195281
0.0013495
0.00719403
0.0111135
0.0249162
0.0138622
0.0188533
0.154002
0.00836492
0.0179007
0.112713
0.0901387
0.0198654
0.0126813
0.140527
0.0153407
0.0165115
0.0141102
0.0152513
0.0116295
0.0014785
0.0212249
0.00486217
0.042797
0.0163528
0.00764056
0.00296692
0.0167398
0.00669789
0.0137728
0.00541785
0.000843438
0.0348588
0.174969
0.0217012
0.0148048
0.0116295
0.0322689
0.0221775
0.211594
0
0
